0.673794699909	0.0
0.690851893945	1.99475655731e-44
0.708340892905	5.34013162441e-44
0.726272627981	1.23496794402e-43
0.744658307092	2.78197501549e-43
0.763509421886	6.22717547092e-43
0.782837754923	1.3901931596e-42
0.80265538704	3.09746495873e-42
0.822974704902	6.88871335313e-42
0.843808408745	1.52924199353e-41
0.865169520312	3.38857861536e-41
0.887071390993	7.49475171376e-41
0.90952771017	1.6545883973e-40
0.932552513773	3.64594683807e-40
0.956160193054	8.01886407497e-40
0.980365503582	1.76032157107e-39
1.00518357446	3.8569342213e-39
1.0306299178	8.43447172681e-39
1.05672043839	1.84091311739e-38
1.08347144364	4.01016934369e-38
1.11089965382	8.71847160306e-38
1.13902221245	1.89173535706e-37
1.16785669704	4.09653700835e-37
1.19742113008	8.85327399587e-37
1.22773399031	1.90948141097e-36
1.25881422424	4.11003386504e-36
1.29068125805	8.82851526952e-36
1.32335500965	1.89250076459e-35
1.35685590122	4.0484084881e-35
1.39120487189	8.6422366625e-35
1.4264233909	1.84100590367e-34
1.46253347096	3.91349674371e-34
1.49955768205	8.30135624651e-34
1.5375191655	1.75711769886e-33
1.57644164849	3.71119492756e-33
1.61634945882	7.82133900644e-33
1.65726754018	1.64473578868e-32
1.6992214677	3.45105637712e-32
1.74223746395	7.22506852228e-32
1.78634241533	1.5092422359e-31
1.83156388887	3.14554560733e-31
1.87793014947	6.54102791876e-31
1.92547017754	1.35706876779e-30
1.97421368715	2.80902970321e-30
2.02419114458	5.80099041532e-30
2.07543378737	1.19517624149e-29
2.12797364384	2.45662189065e-29
2.1818435531	5.03748481481e-29
2.23707718562	1.03050636884e-28
2.29370906419	2.10301062141e-28
2.3517745856	4.28132692382e-28
2.41131004268	8.69468129408e-28
2.47235264703	1.76140581948e-27
2.53494055227	3.55948960303e-27
2.59911287788	7.17514290049e-27
2.66490973364	1.44271255107e-26
2.73237224473	2.89352554387e-26
2.80154257742	5.78848396841e-26
2.87246396542	1.1550054175e-25
2.94518073691	2.29866915786e-25
3.01973834223	4.5628236664e-25
3.09618338232	9.03331382642e-25
3.17456363781	1.78364348704e-24
3.25492809891	3.51243106938e-24
3.33732699603	6.89822810054e-24
3.42181183117	1.35110272665e-23
3.50843541008	2.63907224955e-23
3.59725187534	5.14064017508e-23
3.68831674012	9.98566493244e-23
3.78168692293	1.93428910069e-22
3.87742078317	3.73629415408e-22
3.97557815762	7.1965872922e-22
4.07622039784	1.38219236537e-21
4.17941040849	2.64701951022e-21
4.2852126867	5.05455436618e-21
4.39369336234	9.62356329378e-21
4.50492023936	1.8268647054e-20
4.61896283817	3.45767648215e-20
4.73589243911	6.52468842292e-20
4.855782127	1.22750287387e-19
4.97870683679	2.3023023347e-19
5.10474340042	4.3049585346e-19
5.23397059484	8.024758455e-19
5.36646919127	1.49121700208e-18
5.50232200564	2.76239015608e-18
5.64161395038	5.10098213865e-18
5.78443208748	9.38936951563e-18
5.93086568294	1.72274913001e-17
6.08100626252	3.15064646516e-17
6.23494766897	5.74325749801e-17
6.39278612067	1.04348628707e-16
6.5546202718	1.88961713935e-16
6.72055127397	3.41042253569e-16
6.89068283947	6.13448977774e-16
7.06512130604	1.09969713536e-15
7.24397570343	1.96462895872e-15
7.42735782143	3.49775280062e-15
7.61538227986	6.20564666554e-15
7.80816660012	1.09714109726e-14
8.00583127867	1.93287376936e-14
8.20849986239	3.39311085221e-14
8.41629902573	5.93518203679e-14
8.62935864994	1.0344256689e-13
8.84781190421	1.79631093009e-13
9.07179532894	3.10790949448e-13
9.30144892107	5.35731782122e-13
9.53691622155	9.2003881798e-13
9.77834440514	1.57409885142e-12
10.0258843723	2.68294833984e-12
10.2796908435	4.55548219032e-12
10.5399224562	7.70522524468e-12
10.8067418635	1.29823230303e-11
11.0803158362	2.1788265123e-11
11.3608153671	3.6423617829e-11
11.6484157773	6.06485838632e-11
11.9432968267	1.00582474541e-10
12.2456428253	1.66140264706e-10
12.5556427493	2.73316108799e-10
12.8734903588	4.4779587217e-10
13.1993843188	7.30644650499e-10
13.5335283237	1.18721754566e-09
13.8761312243	1.92105172876e-09
14.2274071587	3.09541674419e-09
14.5875756856	4.96657678161e-09
14.9568619223	7.93486918907e-09
15.3354966845	1.26227392041e-08
15.7237166314	1.99933375904e-08
16.121764413	3.15298193188e-08
16.5298888222	4.9504971672e-08
16.9483449499	7.73845007797e-08
17.377394345	1.20426954904e-07
17.8173051773	1.86571255327e-07
18.2683524053	2.87742412275e-07
18.7308179482	4.41761652705e-07
19.2049908621	6.75124821631e-07
19.6911675204	1.02702043779e-06
20.1896517995	1.55510658396e-06
20.7007552681	2.34376743476e-06
21.2247973827	3.51584311983e-06
21.7621056865	5.24919301735e-06
22.3130160148	7.79994044132e-06
22.8778727045	1.15348907657e-05
23.4570288094	1.69764578518e-05
24.0508463208	2.48645264932e-05
24.6596963942	3.62410822276e-05
25.2839595805	5.25652249199e-05
25.9240260646	7.58684292544e-05
26.5802959089	0.000108962712559
27.2531793034	0.00015571781341
27.9430968221	0.000221427671037
28.650479686	0.00031329152049
29.3757700324	0.00044104086558
30.1194211912	0.000617750523299
30.8818979688	0.000860879877358
31.6636769379	0.00119359941165
32.4652467358	0.00164646742397
33.2871083698	0.00225953236305
34.1297755301	0.00308494719236
34.9937749111	0.00419019313137
35.8796465406	0.00566202047686
36.7879441171	0.00761122320946
37.7192353563	0.0101783708188
38.6741023455	0.0135406241362
39.6531419075	0.0179197606965
40.6569659741	0.0235915279063
41.6862019679	0.0308964276428
42.7414931949	0.0402520124792
43.8234992465	0.0521667402478
44.9328964117	0.0672553891338
46.0703780999	0.0862559793226
47.2366552741	0.110048079375
48.4324568955	0.13967229662
49.6585303791	0.176350662426
50.9156420608	0.221507527727
52.2045776761	0.276790484989
53.5261428519	0.344090734482
54.8811636094	0.425562220531
56.2704868807	0.52363878352
57.694981038	0.641048512434
59.1555364367	0.780824447314
60.6530659713	0.946310777596
62.1885056465	1.14116371655
63.7628151622	1.36934630811
65.376978513	1.63511654269
67.0320046036	1.94300832343
68.7289278791	2.29780503071
70.4688089719	2.70450567594
72.2527353642	3.16828390648
74.0818220682	3.69444041201
75.9572123225	4.28834957484
77.8800783071	4.95540148816
79.8516218759	5.70094072136
81.8730753078	6.53020342521
83.9457020769	7.44825452762
86.0707976425	8.45992686111
88.2496902585	9.56976407839
90.4837418036	10.7819691461
92.7743486329	12.1003600616
95.1229424501	13.5283342158
97.5309912028	15.0688425375
100.0	16.7243742133
102.531512052	18.4969524007
105.127109638	20.388140958
107.788415088	22.3990618199
110.517091808	24.5304222815
113.314845307	26.7825511191
116.183424273	29.1554422062
119.124621661	31.6488040715
122.140275816	34.2621137164
125.232271619	36.9946729539
128.402541669	39.8456655519
131.653067487	42.8142135563
134.985880758	45.899431323
138.403064598	49.1004759891
141.906754859	52.4165933527
145.499141462	55.8471583865
149.182469764	59.3917098788
152.959041966	63.0499789479
156.831218549	66.8219114199
160.801419749	70.7076842674
164.87212707	74.7077164854
169.045884838	78.8226749184
173.325301787	83.0534756529
177.713052691	87.4012816469
182.211880039	91.8674972966
186.824595743	96.4537606295
191.554082901	101.161933783
196.403297597	105.994092369
201.375270747	110.952514271
206.473109997	116.039668319
211.700001661	121.258203231
217.059212718	126.610937124
222.554092849	132.100847808
228.188076533	137.731064027
233.964685193	143.504857739
239.887529397	149.425637477
245.960311116	155.496942794
252.186826036	161.722439766
258.570965932	168.105917484
265.116721098	174.651285482
271.828182846	181.362572007
278.709546057	188.243923054
285.765111806	195.299602078
292.999290053	202.533990298
300.416602395	209.951587523
308.021684892	217.557013425
315.819290969	225.355009207
323.814294384	233.35043959
332.011692274	241.548295102
340.416608279	249.953694605
349.034295746	258.57188804
357.87014101	267.408259365
366.929666762	276.468329649
376.2185355	285.757760333
385.74255307	295.282356613
395.507672292	305.048070963
405.519996684	315.061006771
415.785784276	325.327422098
426.311451517	335.853733543
437.103577293	346.646520224
448.168907034	357.712527865
459.514356931	369.058673003
471.147018259	380.692047292
483.074161811	392.619921934
495.30324244	404.849752212
507.841903718	417.389182154
520.697982718	430.246049298
533.879514907	443.428389599
547.394739173	456.944442443
561.252102969	470.8026558
575.460267601	485.011691502
590.028113632	499.580430658
604.964746441	514.517979204
620.27950191	529.833673593
635.98195226	545.537086631
652.081912033	561.638033464
668.589444228	578.146577706
685.51486659	595.073037736
702.868758059	612.427993142
720.661965382	630.222291335
738.905609893	648.467054332
757.611094464	667.173685704
776.790110631	686.353877703
796.454645903	706.019618574
816.616991257	726.183200045
837.289748813	746.857225012
858.485839718	768.054615412
880.218512219	789.788620305
902.501349943	812.072824152
925.348280391	834.921155305
948.773583636	858.347894714
972.791901256	882.367684856
997.418245481	906.995538879
1022.66800858	932.246849996
1048.55697247	958.137401097
1075.10131861	984.683374619
1102.31763806	1011.90136266
1130.22294193	1039.80837735
1158.83467192	1068.42186148
1188.17071131	1097.75969941
1218.24939607	1127.84022824
1249.08952636	1158.68224929
1280.71037827	1190.30503981
1313.13171585	1222.72836509
1346.3738035	1255.97249075
1380.45741861	1290.05819547
1415.40386454	1325.0067839
1451.23498396	1360.84010007
1487.97317249	1397.58054095
1525.64139269	1435.25107052
1564.26318842	1473.87523409
1603.86269957	1513.47717302
1644.46467711	1554.0816398
1686.09449861	1595.71401355
1728.77818406	1638.40031586
1772.54241215	1682.16722706
1817.41453694	1727.04210289
1863.42260499	1773.05299161
1910.59537282	1820.22865153
1958.96232496	1868.59856897
2008.55369232	1918.1929767
2059.40047112	1969.04287285
2111.53444225	2021.18004027
2164.98819115	2074.63706637
2219.79512814	2129.44736357
2275.98950935	2185.64519009
2333.60645809	2243.26567144
2392.68198684	2302.34482232
2453.25301971	2362.9195692
2515.35741558	2425.02777335
2579.03399172	2488.70825455
2644.32254806	2554.00081538
2711.26389207	2620.94626612
2779.89986427	2689.58645029
2850.27336438	2759.96427088
2922.42837812	2832.12371725
2996.41000474	2906.10989276
3072.26448515	2981.96904313
3150.03923087	3059.7485856
3229.78285366	3139.49713887
3311.54519587	3221.26455401
3395.37736162	3305.10194623
3481.33174876	3391.06172768
3569.46208157	3479.19764139
3659.82344437	3569.56479638
3752.47231596	3662.2197042
3847.4666049	3757.22031691
3944.86568572	3854.62606682
4044.73043601	3954.4979082
4147.12327448	4056.89836117
4252.10820001	4161.89155821
4359.75083157	4269.5432936
4470.11844933	4379.92107616
4583.28003663	4493.0941859
4699.30632316	4609.13373495
4818.26982911	4728.11273348
4940.24491055	4850.10616094
5065.30780588	4975.1910434
5193.53668348	5103.44653733
5325.01169057	5234.95402032
5459.81500331	5369.79718891
5598.03087816	5508.06216372
5739.74570454	5649.83760156
5885.04805883	5795.21481406
6034.02875974	5944.28789182
6186.78092504	6097.15383248
6343.40002981	6253.91267094
6503.9839661	6414.6676088
6668.63310409	6579.52513994
6837.45035486	6748.59516817
7010.54123467	6921.99111255
7188.01393097	7099.82999537
7369.97936996	7282.23250749
7556.55128597	7469.32304552
7747.84629253	7661.22971575
7943.98395523	7858.08429989
8145.0868665	8060.02217877
8351.2807222	8267.18221121
8562.69440022	8479.70656701
8779.46004098	8697.74051506
9001.71313005	8921.43216961
9229.59258287	9150.9322006
9463.24083149	9386.39351652
9702.80391369	9627.9709306
9948.43156419	9875.82082415
10200.2773083	10130.1008223
10458.4985577	10390.9694991
10723.2567092	10658.5861305
10994.7172452	10933.1105122
11273.0498374	11214.702859
11558.4284527	11503.523802
11851.0314621	11799.734494
12151.0417519	12103.4968318
12458.6468383	12414.9737992
12774.0389846	12734.3299299
13097.4153211	13061.7318827
13428.9779685	13397.3491183
13768.9341643	13741.3546605
14117.4963921	14093.9259231
14474.8825148	14455.2455759
14841.3159103	14825.5024266
