0.673795  0.000000
0.690852  0.000000
0.708341  0.000000
0.726273  0.000000
0.744658  0.000000
0.763509  0.000000
0.782838  0.000000
0.802655  0.000000
0.822975  0.000000
0.843808  0.000000
0.865170  0.000000
0.887071  0.000000
0.909528  0.000000
0.932553  0.000000
0.956160  0.000000
0.980366  0.000000
1.005184  0.000000
1.030630  0.000000
1.056720  0.000000
1.083471  0.000000
1.110900  0.000000
1.139022  0.000000
1.167857  0.000000
1.197421  0.000000
1.227734  0.000000
1.258814  0.000000
1.290681  0.000000
1.323355  0.000000
1.356856  0.000000
1.391205  0.000000
1.426423  0.000000
1.462533  0.000000
1.499558  0.000000
1.537519  0.000000
1.576442  0.000000
1.616349  0.000000
1.657268  0.000000
1.699221  0.000000
1.742237  0.000000
1.786342  0.000000
1.831564  0.000000
1.877930  0.000000
1.925470  0.000000
1.974214  0.000000
2.024191  0.000000
2.075434  0.000000
2.127974  0.000000
2.181844  0.000000
2.237077  0.000000
2.293709  0.000000
2.351775  0.000000
2.411310  0.000000
2.472353  0.000000
2.534941  0.000000
2.599113  0.000000
2.664910  0.000000
2.732372  0.000000
2.801543  0.000000
2.872464  0.000000
2.945181  0.000000
3.019738  0.000000
3.096183  0.000000
3.174564  0.000000
3.254928  0.000000
3.337327  0.000000
3.421812  0.000000
3.508435  0.000000
3.597252  0.000000
3.688317  0.000000
3.781687  0.000000
3.877421  0.000000
3.975578  0.000000
4.076220  0.000000
4.179410  0.000000
4.285213  0.000000
4.393693  0.000000
4.504920  0.000000
4.618963  0.000000
4.735892  0.000000
4.855782  0.000000
4.978707  0.000000
5.104743  0.000000
5.233971  0.000000
5.366469  0.000000
5.502322  0.000000
5.641614  0.000000
5.784432  0.000000
5.930866  0.000000
6.081006  0.000000
6.234948  0.000000
6.392786  0.000000
6.554620  0.000000
6.720551  0.000000
6.890683  0.000000
7.065121  0.000000
7.243976  0.000000
7.427358  0.000000
7.615382  0.000000
7.808167  0.000000
8.005831  0.000000
8.208500  0.000000
8.416299  0.000000
8.629359  0.000000
8.847812  0.000000
9.071795  0.000000
9.301449  0.000000
9.536916  0.000000
9.778344  0.000000
10.025884  0.000000
10.279691  0.000000
10.539922  0.000000
10.806742  0.000000
11.080316  0.000000
11.360815  0.000000
11.648416  0.000000
11.943297  0.000000
12.245643  0.000000
12.555643  0.000000
12.873490  0.000000
13.199384  0.000000
13.533528  0.000000
13.876131  0.000000
14.227407  0.000000
14.587576  0.000000
14.956862  0.000000
15.335497  0.000000
15.723717  0.000000
16.121764  0.000000
16.529889  0.000000
16.948345  0.000000
17.377394  0.000000
17.817305  0.000000
18.268352  0.000000
18.730818  0.000000
19.204991  0.000001
19.691168  0.000001
20.189652  0.000002
20.700755  0.000002
21.224797  0.000004
21.762106  0.000005
22.313016  0.000008
22.877873  0.000012
23.457029  0.000017
24.050846  0.000025
24.659696  0.000036
25.283960  0.000053
25.924026  0.000076
26.580296  0.000109
27.253179  0.000156
27.943097  0.000221
28.650480  0.000313
29.375770  0.000441
30.119421  0.000618
30.881898  0.000861
31.663677  0.001194
32.465247  0.001646
33.287108  0.002260
34.129776  0.003085
34.993775  0.004190
35.879647  0.005662
36.787944  0.007611
37.719235  0.010178
38.674102  0.013541
39.653142  0.017920
40.656966  0.023592
41.686202  0.030896
42.741493  0.040252
43.823499  0.052167
44.932896  0.067255
46.070378  0.086256
47.236655  0.110048
48.432457  0.139672
49.658530  0.176351
50.915642  0.221508
52.204578  0.276790
53.526143  0.344091
54.881164  0.425562
56.270487  0.523639
57.694981  0.641049
59.155536  0.780824
60.653066  0.946311
62.188506  1.141164
63.762815  1.369346
65.376979  1.635117
67.032005  1.943008
68.728928  2.297805
70.468809  2.704506
72.252735  3.168284
74.081822  3.694440
75.957212  4.288350
77.880078  4.955401
79.851622  5.700941
81.873075  6.530203
83.945702  7.448255
86.070798  8.459927
88.249690  9.569764
90.483742  10.781969
92.774349  12.100360
95.122942  13.528334
97.530991  15.068843
100.000000  16.724374
102.531512  18.496952
105.127110  20.388141
107.788415  22.399062
110.517092  24.530422
113.314845  26.782551
116.183424  29.155442
119.124622  31.648804
122.140276  34.262114
125.232272  36.994673
128.402542  39.845666
131.653067  42.814214
134.985881  45.899431
138.403065  49.100476
141.906755  52.416593
145.499141  55.847158
149.182470  59.391710
152.959042  63.049979
156.831219  66.821911
160.801420  70.707684
164.872127  74.707716
169.045885  78.822675
173.325302  83.053476
177.713053  87.401282
182.211880  91.867497
186.824596  96.453761
191.554083  101.161934
196.403298  105.994092
201.375271  110.952514
206.473110  116.039668
211.700002  121.258203
217.059213  126.610937
222.554093  132.100848
228.188077  137.731064
233.964685  143.504858
239.887529  149.425637
245.960311  155.496943
252.186826  161.722440
258.570966  168.105917
265.116721  174.651285
271.828183  181.362572
278.709546  188.243923
285.765112  195.299602
292.999290  202.533990
300.416602  209.951588
308.021685  217.557013
315.819291  225.355009
323.814294  233.350440
332.011692  241.548295
340.416608  249.953695
349.034296  258.571888
357.870141  267.408259
366.929667  276.468330
376.218535  285.757760
385.742553  295.282357
395.507672  305.048071
405.519997  315.061007
415.785784  325.327422
426.311452  335.853734
437.103577  346.646520
448.168907  357.712528
459.514357  369.058673
471.147018  380.692047
483.074162  392.619922
495.303242  404.849752
507.841904  417.389182
520.697983  430.246049
533.879515  443.428390
547.394739  456.944442
561.252103  470.802656
575.460268  485.011692
590.028114  499.580431
604.964746  514.517979
620.279502  529.833674
635.981952  545.537087
652.081912  561.638033
668.589444  578.146578
685.514867  595.073038
702.868758  612.427993
720.661965  630.222291
738.905610  648.467054
757.611094  667.173686
776.790111  686.353878
796.454646  706.019619
816.616991  726.183200
837.289749  746.857225
858.485840  768.054615
880.218512  789.788620
902.501350  812.072824
925.348280  834.921155
948.773584  858.347895
972.791901  882.367685
997.418245  906.995539
1022.668009  932.246850
1048.556972  958.137401
1075.101319  984.683375
1102.317638  1011.901363
1130.222942  1039.808377
1158.834672  1068.421861
1188.170711  1097.759699
1218.249396  1127.840228
1249.089526  1158.682249
1280.710378  1190.305040
1313.131716  1222.728365
1346.373804  1255.972491
1380.457419  1290.058195
1415.403865  1325.006784
1451.234984  1360.840100
1487.973172  1397.580541
1525.641393  1435.251071
1564.263188  1473.875234
1603.862700  1513.477173
1644.464677  1554.081640
1686.094499  1595.714014
1728.778184  1638.400316
1772.542412  1682.167227
1817.414537  1727.042103
1863.422605  1773.052992
1910.595373  1820.228652
1958.962325  1868.598569
2008.553692  1918.192977
2059.400471  1969.042873
2111.534442  2021.180040
2164.988191  2074.637066
2219.795128  2129.447364
2275.989509  2185.645190
2333.606458  2243.265672
2392.681987  2302.344822
2453.253020  2362.919569
2515.357416  2425.027774
2579.033992  2488.708255
2644.322548  2554.000816
2711.263892  2620.946267
2779.899864  2689.586452
2850.273364  2759.964273
2922.428378  2832.123721
2996.410005  2906.109898
3072.264485  2981.969051
3150.039231  3059.748598
3229.782854  3139.497157
3311.545196  3221.264580
3395.377362  3305.101985
3481.331749  3391.061784
3569.462082  3479.197722
3659.823444  3569.564912
3752.472316  3662.219870
3847.466605  3757.220552
3944.865686  3854.626400
4044.730436  3954.498377
4147.123274  4056.899016
4252.108200  4161.892470
4359.750832  4269.544556
4470.118449  4379.922815
4583.280037  4493.096566
4699.306323  4609.136977
4818.269829  4728.117126
4940.244911  4850.112078
5065.307806  4975.198971
5193.536683  5103.457099
5325.011691  5234.968015
5459.815003  5369.815627
5598.030878  5508.086321
5739.745705  5649.869075
5885.048059  5795.255587
6034.028760  5944.340414
6186.780925  6097.221105
6343.400030  6253.998347
6503.983966  6414.776100
6668.633104  6579.661739
6837.450355  6748.766173
7010.541235  6922.203963
7188.013931  7100.093413
7369.979370  7282.556637
7556.551286  7469.719592
7747.846293  7661.712078
7943.983955  7858.667690
8145.086866  8060.723722
8351.280722  8268.021023
8562.694400  8480.703799
8779.460041  8698.919361
9001.713130  8922.817829
9229.592583  9152.551797
9463.240831  9388.275953
9702.803914  9630.146698
9948.431564  9878.321748
10200.277308  10132.959752
10458.498558  10394.219948
10723.256709  10662.261862
10994.717245  10937.245092
11273.049837  11219.329174
11558.428453  11508.673564
11851.031462  11805.437737
12151.041752  12109.781425
12458.646838  12421.864984
12774.038985  12741.849899
13097.415321  13069.899418
13428.977968  13406.179300
13768.934164  13750.858654
14117.496392  14104.110856
14474.882515  14466.114513
14841.315910  14837.054438
